# Model: L 7 W 7 Maple Leaf Graph
0 1 3.0
0 7 6.0
0 8 2.0
1 2 6.0
1 8 6.0
2 3 2.0
2 9 6.0
3 4 6.0
3 9 3.0
3 10 3.0
4 5 3.0
4 10 2.0
4 11 3.0
5 11 3.0
5 6 6.0
6 7 6.0
6 12 3.0
6 13 3.0
7 8 3.0
7 13 2.0
7 14 3.0
8 14 3.0
8 15 6.0
9 10 3.0
9 16 6.0
9 17 2.0
10 11 6.0
10 17 6.0
11 6 2.0
11 12 6.0
12 13 3.0
12 18 6.0
12 19 2.0
13 14 6.0
13 19 6.0
14 15 2.0
14 20 6.0
15 16 6.0
15 20 3.0
15 21 3.0
16 17 3.0
16 21 2.0
16 22 3.0
17 22 3.0
17 23 6.0
18 19 3.0
18 24 2.0
18 25 3.0
19 25 3.0
19 26 6.0
20 21 3.0
20 27 6.0
20 28 2.0
21 22 6.0
21 28 6.0
22 23 2.0
22 29 6.0
23 18 6.0
23 29 3.0
23 24 3.0
24 25 6.0
24 30 6.0
25 26 2.0
25 31 6.0
26 27 6.0
26 31 3.0
26 32 3.0
27 28 3.0
27 32 2.0
27 33 3.0
28 33 3.0
28 34 6.0
29 24 3.0
29 35 6.0
29 30 2.0
30 36 3.0
30 37 6.0
31 32 3.0
31 38 6.0
31 39 2.0
32 33 6.0
32 39 6.0
33 34 2.0
33 40 6.0
34 35 6.0
34 40 3.0
34 41 3.0
35 30 3.0
35 41 2.0
35 36 3.0
36 37 2.0
36 0 6.0
37 38 6.0
37 0 3.0
37 1 3.0
38 39 3.0
38 1 2.0
38 2 3.0
39 2 3.0
39 3 6.0
40 41 3.0
40 4 6.0
40 5 2.0
41 36 6.0
41 5 6.0
