# Model: L 6 W 6 Kagome Graph
0 1 6.0
0 6 6.0
1 2 6.0
1 7 6.0
2 3 6.0
2 7 6.0
3 4 6.0
3 8 6.0
4 5 6.0
4 8 6.0
5 0 6.0
5 6 6.0
6 9 6.0
6 10 6.0
8 11 6.0
8 12 6.0
10 13 6.0
10 14 6.0
12 10 6.0
12 15 6.0
13 11 6.0
13 16 6.0
14 12 6.0
14 16 6.0
15 13 6.0
15 17 6.0
16 14 6.0
16 17 6.0
17 9 6.0
17 15 6.0
18 18 6.0
18 19 6.0
20 20 6.0
20 21 6.0
22 22 6.0
22 23 6.0
24 19 6.0
24 24 6.0
25 20 6.0
25 25 6.0
26 21 6.0
26 25 6.0
27 22 6.0
27 26 6.0
28 23 6.0
28 26 6.0
29 18 6.0
29 24 6.0
30 0 6.0
30 1 6.0
32 2 6.0
32 3 6.0
34 4 6.0
34 5 6.0
